14.708031177520752
22.860851287841797
13.075228214263916
11.618409872055054
11.835628747940063
27.628227710723877
9.170783996582031
13.849639892578125
21.795835971832275
13.062319278717041
18.121615886688232
17.0456645488739
16.125362396240234
14.231628894805908
9.457529544830322
7.328427791595459
11.579835414886475
8.7711501121521
7.627147436141968
9.729597568511963
10.977940082550049
27.29122543334961
10.046827793121338
9.368842601776123
12.552663326263428
8.765536069869995
8.839151620864868
10.115718841552734
19.27595067024231
