16.208818912506104
13.77847409248352
29.485374689102173
40.800729513168335
10.880560636520386
25.37927508354187
13.118558168411255
16.07942771911621
9.003166437149048
7.79164719581604
9.886147499084473
10.573512554168701
16.14545249938965
9.402133464813232
14.211418867111206
7.496472358703613
15.881447315216064
4.546471834182739
8.39621639251709
19.387083768844604
28.82971453666687
12.12393593788147
15.329766988754272
9.904773950576782
16.108726024627686
14.941503286361694
7.896536111831665
7.599584102630615
5.802995920181274
11.256045818328857
8.26809024810791
14.768057823181152
12.22200870513916
14.609406471252441
27.943511247634888
11.164772987365723
8.361799240112305
15.336634635925293
32.97861313819885
